start=1.833378
ab-loop-a=0.000000
